00001100100100000100000000010000000100000000000000000
00100010001000000000000001000000000000000000000000000
01000001000000000000000000100000000001000000000000000
00000001000000000000010010000000000000100000000000000
10000100000000000000000000000000000100000000000000100
10001000000000000000000000010000100000000000000000000
01000000000000000000000001100001000000000000000100000
00110000000001000000000000000000000001010000000000000
10000000000000000100101000010011000000000000000000000
00000000000000010000000000000000010000000001100001000
01000000000000000000000000000000100000000000000000010
10000000000000000100100100000000001000000000000010000
00000000000000000001000100000000000000000000000000000
00000001000000101000000000000000000000010000000000000
00000000000001001000000000000000000000000000000000000
00000000010000000000000000000000010100000000000001000
00000000000001100000000010000000000000000000000000000
10000000100100000000100000000000000000000000000000000
00000000000000000000101000000101000000000000001010001
00000000000010000000000100000100000000000000000010000
00000000100100000110001000000001000000000000000000000
00010000000000000000000010000000000000100000000100000
00000000100000000010100000000001000000000000001100001
00000000000110000001000000000000001000000000000010000
00010000000000001000010000000000000000100000000000000
01000010000000000000000000000011000000000000000000000
00100010000000000000000000000000000000100000000100000
10000100100000000000000000000010000000000000000000000
00000000000000000000000000000000010110000000110000100
00000000000000000011000000000000000000000000000010001
00000000100000000000000001010000100000000000000000000
00000010100000000010101001000000000000000000000100000
00000100001000000000000000000010000000000000000000010
00000000010000010000000000001000000100000000100000100
00000000000100000000000100000000000000000000000011000
10001000000000010000000000001000010000000000000000100
00000000000000000000000000001000000000000000010000100
00100001000000000000000000000000000000010000000000000
00010000000000000000010010100000000000000000000100000
00000001000001000000000000000000000001000000000000000
00000000000000000000000000000000000000000111110000000
00000000000000000000000000000000000000001010000000000
00000000000000000000000000000000000000001101000000000
00000000010000000000000000000000000000001010100000000
00000000010000000000000000001000010000001001010000000
00000000000000000000000000001000000010001000100000000
00000000000000000010001000000000000000000000000100001
00000010000000000000011000100001000000100000001000000
00000000000100000011000100000100001000000000000000001
00000000010000010000000000000000001000000000000000000
00001000000000000000000000001000010110000000000000000
00000000001000000000000000000000100000000000000000000
00000000000000000010001000000100000000000000001010000
